0
1
2
3
4
5
6
7
8
9
10
11
12
13
14
15
16
17
18
19
20
21
22
23
24
25
26
27
28
30
31
32
33
34
35
36
37
38
39
40
41
42
43
45
46
47
48
49
50
51
52
53
54
55
56
57
58
59
60
0
1
2
3
4
5
6
7
8
9
10
11
12
13
14
15
16
17
18
19
20
21
22
23
25
26
27
28
29
30
31
32
33
34
35
36
37
38
39
40
41
42
43
44
45
46
47
48
49
50
51
52
53
54
55
56
57
58
59
2
6
7
8
9
10
11
12
13
14
15
16
17
18
20
22
24
25
26
27
28
29
30
31
33
34
35
37
39
41
42
44
46
48
49
51
52
53
54
55
56
57
58
59
0
1
3
4
6
9
10
12
13
14
15
16
17
18
20
21
22
23
25
26
27
30
31
32
34
35
36
37
38
39
40
41
42
43
45
46
48
49
50
52
53
55
56
58
59
2
3
5
6
7
8
9
10
13
14
15
16
18
19
20
21
22
24
25
26
27
28
29
30
32
33
34
35
36
37
40
41
42
43
45
46
48
49
50
51
52
54
55
57
58
59
0
1
3
4
5
6
7
8
9
10
11
12
13
14
17
18
19
20
21
22
23
24
25
26
27
28
29
31
33
34
35
36
37
38
39
40
41
43
44
45
48
50
51
52
54
55
57
58
59
0
1
4
5
7
8
10
12
13
14
15
16
18
19
21
22
23
25
26
29
31
32
34
35
36
39
40
42
46
47
48
49
50
51
52
54
55
56
57
58
0
1
2
3
4
5
6
7
8
9
10
11
12
13
14
15
16
19
21
22
23
24
25
26
27
29
30
31
32
34
35
36
38
40
43
44
45
46
47
48
49
50
51
52
53
54
55
56
57
59
2
4
5
6
10
11
13
14
16
17
18
19
20
21
22
23
24
26
27
28
29
32
34
37
38
39
41
42
43
45
46
47
49
50
51
52
53
54
55
57
59
0
1
2
3
4
5
6
7
8
9
10
11
12
13
14
15
16
17
18
19
20
22
23
24
25
26
27
28
29
30
31
32
33
34
35
36
37
38
39
40
41
42
43
44
45
46
47
48
49
50
51
52
53
54
55
56
57
58
59
0
1
2
3
4
5
6
7
8
9
10
11
12
13
15
16
17
18
19
20
21
22
23
24
26
27
28
29
30
31
32
33
34
35
36
37
38
39
42
43
44
45
46
47
48
49
51
52
54
55
56
57
58
59
0
1
2
3
4
5
6
7
8
9
10
11
12
13
14
15
16
17
18
19
20
21
22
23
24
25
27
28
29
30
32
33
34
36
37
38
39
41
42
43
44
45
46
48
49
50
51
52
53
54
55
57
58
0
1
2
3
4
5
6
7
8
9
10
11
12
13
14
15
16
17
18
19
20
21
22
23
24
25
26
27
28
29
30
31
32
33
34
35
36
37
38
39
40
41
42
43
44
45
46
47
48
49
50
51
52
53
54
55
56
57
58
59
0
1
3
4
5
6
7
8
9
11
12
13
16
17
19
20
21
22
23
24
25
27
28
29
31
32
33
34
35
36
37
38
39
40
44
46
47
48
49
50
51
52
53
54
55
56
57
58
0
1
2
3
4
5
6
7
8
9
10
11
12
13
14
15
16
17
18
19
20
21
22
24
25
26
29
30
31
32
33
34
35
36
37
38
39
40
41
42
43
44
45
46
47
48
49
50
51
52
53
54
55
56
57
58
59
0
1
2
3
4
5
6
7
8
9
10
11
12
13
14
15
16
17
18
19
20
21
22
23
24
25
26
27
28
29
30
31
32
33
34
35
36
37
38
39
40
41
42
43
44
45
46
47
48
49
50
51
52
53
54
55
56
57
58
59
0
1
3
4
5
8
9
10
11
12
14
15
16
17
18
19
20
22
23
25
29
30
32
34
35
36
37
38
39
41
42
43
46
47
48
49
50
51
52
54
55
57
58
0
1
2
5
6
7
8
11
12
15
16
17
20
22
23
24
25
26
27
30
31
33
34
35
36
37
39
40
41
42
43
44
46
47
48
50
51
52
54
56
58
59
0
1
2
3
4
5
6
7
8
9
10
11
12
13
14
16
17
19
20
21
22
23
24
26
27
28
29
30
31
32
33
34
35
36
37
38
39
40
41
42
43
44
45
46
47
48
49
50
51
52
53
54
55
56
57
58
59
0
1
4
5
6
7
8
9
10
11
12
13
14
15
16
17
18
20
21
23
27
28
29
30
31
33
34
35
36
37
38
39
40
41
42
43
44
45
47
48
50
52
53
54
55
56
57
58
59
